% Weight Values
row_pos = [3.88,4.64,5.4,6.37,7.13,7.89,8.55,9.55,5.643,10];
% Position Index Keys > 1,2,3,4,5,6,CO,CA,Fuel, Crew Baggage Position

A_mass=[[55,63,65],[66,68,70],[72,74,78],[78],[83,86],[85],[0],[0],[835.2],[0]];
B_mass=[[0],[0],[63,57,84],[64,65,70],[72,73,74],[75,80,80],[85],[0],[650.8],[0]];
C_mass=[[50,59,53],[0],[67,68,68],[70,70,73],[78,80,82],[85],[0],[0],[814.2],[35,6]];
D_mass=[[100,88,85],[77,78,79],[70,75,68],[52,57,85],[0],[0],[0],[0],[840.4],[35]];
E_mass=[[0],[62,68,69],[70,72,73],[73,74,88],[75,84,87],[62,85],[0],[0],[642.8],[35]];
